9257583174
26619259441958
75818269
8642511314
647575
836117713164
77357181558817
6994136358
9463318374426263
566853755242959495
43538483
1396224183
5848514958
81113744168855
962838229358
5172419746274851
6866968182819114
113572555925
2885819157
4579295251
8916488283
583973839711
248625991495941791
1846495272997941
364718316295975292
18441193
5531481693519357
46686666479617
26157725535295
18171168639573
599739447419
492461924718
5839488461474444
95816848551553591972
299282941595959666
591735882999
11146159
273395935924
157291395361473579
28883148833694
42427361511662
838696
6135147169
459949
561155738246	NG
19948373377414
888888177599
22295336961157
939395755724
41588851824719
494946353537
79119647991991
16415263
828441716248
65264792774299
62499559611381
935885151464
46272552297371
72515338488274
3618641618553362
372838357299
87355366383662
67582242482946
66288849157428
625839577366266426
27193537
11175318319339
742724
183357449271
5331728699
592739693551
475797244471735355
35551352648199
296422699973331929
7936817136
77199558474662
42796868383839
52716319682627227166
116196481882
14424824262251
71331663142629
9492484835
59386182736864
29166227
573146192535
768511619615381713
71977196169311
1586
1646864635522779
6914641317269411
725263755159
7292681997
586814252741
4977425395755194
97581924855273
46859964641536
9131182288536182
2719573795816929
139473
8355593392729333